250.093,0.263
250.347,0.272
250.593,0.272
250.601,0.261
250.855,0.266
250.894,0.266
251.002,0.266
251.109,0.281
251.363,0.275
251.617,0.277
251.872,0.271
252.126,0.282
252.38,0.292
252.634,0.306
252.888,0.303
252.937,0.303
252.992,0.303
253.019,0.303
253.142,0.325
253.327,0.325
253.396,0.309
253.65,0.325
253.904,0.31
253.973,0.31
254.159,0.33
254.413,0.329
254.667,0.338
254.922,0.326
255.176,0.339
255.431,0.339
255.685,0.355
255.939,0.348
256.153,0.348
256.194,0.354
256.448,0.354
256.47,0.354
256.58,0.354
256.702,0.365
256.957,0.37
257.105,0.37
257.188,0.37
257.211,0.368
257.465,0.377
257.72,0.372
257.974,0.381
258.228,0.374
258.483,0.398
258.737,0.4
258.992,0.401
259.246,0.405
259.399,0.405
259.5,0.423
259.755,0.44
259.808,0.44
260.009,0.431
260.263,0.421
260.518,0.433
260.772,0.435
261.026,0.447
261.148,0.447
261.281,0.439
261.43,0.439
261.535,0.439
261.789,0.464
262.009,0.464
262.037,0.464
262.044,0.471
262.298,0.468
262.553,0.495
262.646,0.495
262.807,0.479
263.061,0.488
263.152,0.488
263.316,0.495
263.57,0.495
263.824,0.523
263.853,0.523
264.079,0.513
264.191,0.513
264.333,0.518
264.587,0.522
264.842,0.527
265.096,0.547
265.1,0.547
265.351,0.554
265.605,0.549
265.668,0.549
265.859,0.539
266.114,0.566
266.368,0.566
266.622,0.552
266.877,0.579
267.131,0.571
267.385,0.576
267.64,0.599
267.715,0.599
267.894,0.607
268.064,0.607
268.148,0.599
268.403,0.602
268.657,0.615
268.853,0.615
268.912,0.632
269.166,0.66
269.205,0.66
269.42,0.645
269.675,0.632
269.793,0.632
269.929,0.648
270.001,0.648
270.183,0.64
270.236,0.64
270.438,0.654
270.692,0.674
270.802,0.674
270.946,0.66
271.201,0.694
271.455,0.7
271.709,0.706
271.964,0.691
272.028,0.691
272.147,0.691
272.218,0.718
272.473,0.701
272.692,0.701
272.727,0.742
272.981,0.742
273.236,0.73
273.265,0.73
273.49,0.737
273.744,0.764
273.999,0.746
274.253,0.755
274.507,0.759
274.762,0.739
274.853,0.739
275.016,0.751
275.271,0.794
275.314,0.794
275.525,0.794
275.655,0.794
275.721,0.794
275.779,0.791
276.034,0.789
276.238,0.789
276.288,0.778
276.542,0.834
276.797,0.828
276.836,0.828
277.051,0.813
277.305,0.832
277.364,0.832
277.56,0.848
277.681,0.848
277.772,0.848
277.814,0.846
277.954,0.846
278.068,0.831
278.323,0.844
278.577,0.845
278.819,0.845
278.832,0.858
278.912,0.858
279.086,0.888
279.34,0.888
279.595,0.876
279.646,0.876
279.849,0.859
279.862,0.859
280.103,0.875
280.358,0.88
280.612,0.899
280.726,0.899
280.866,0.894
280.959,0.894
281.121,0.899
281.299,0.899
281.375,0.919
281.629,0.917
281.673,0.917
281.884,0.912
282.138,0.929
282.19,0.929
282.393,0.956
282.647,0.941
282.895,0.941
282.901,0.921
283.156,0.941
283.41,0.964
283.654,0.964
283.664,0.959
283.919,0.974
284.173,0.988
284.301,0.988
284.427,0.965
284.512,0.965
284.543,0.965
284.682,0.94
284.936,0.984
285.191,0.985
285.375,0.985
285.445,0.99
285.699,1.011
285.954,0.997
286.18,0.997
286.208,0.976
286.462,0.978
286.717,1.007
286.971,0.98
287.183,0.98
287.225,1.033
287.48,1.017
287.734,1.01
287.988,1.007
288.243,1.024
288.497,1.009
288.752,1.026
288.983,1.026
289.006,1.009
289.26,1.02
289.515,1.058
289.769,1.026
290.023,1.037
290.278,1.035
290.485,1.035
290.532,1.035
290.786,1.06
291.041,1.069
291.258,1.069
291.295,1.026
291.549,1.078
291.804,1.059
292.058,1.049
292.313,1.061
292.567,1.08
292.821,1.075
293.076,1.074
293.308,1.074
293.33,1.054
293.584,1.078
293.839,1.084
294.093,1.109
294.132,1.109
294.164,1.109
294.347,1.079
294.602,1.083
294.856,1.079
295.111,1.093
295.255,1.093
295.365,1.071
295.619,1.079
295.874,1.091
296.128,1.09
296.382,1.085
296.594,1.085
296.637,1.096
296.891,1.084
296.999,1.084
297.145,1.091
297.4,1.099
297.57,1.099
297.654,1.093
297.908,1.088
298.163,1.09
298.242,1.09
298.355,1.09
298.417,1.093
298.672,1.113
298.926,1.122
298.998,1.122
299.18,1.111
299.411,1.111
299.435,1.111
299.689,1.099
299.943,1.102
300.198,1.134
300.452,1.13
300.706,1.142
300.961,1.131
301.215,1.136
301.469,1.141
301.724,1.124
301.978,1.129
302.233,1.134
302.487,1.139
302.741,1.138
302.996,1.163
303.25,1.15
303.504,1.166
303.759,1.145
304.013,1.158
304.267,1.162
304.522,1.161
304.776,1.153
305.031,1.164
305.285,1.162
305.539,1.173
305.794,1.153
306.048,1.151
306.302,1.148
306.557,1.15
306.811,1.14
307.065,1.159
307.32,1.174
307.574,1.155
307.828,1.158
308.083,1.163
308.337,1.162
308.592,1.17
308.846,1.163
309.1,1.172
309.355,1.174
309.609,1.167
309.863,1.173
310.118,1.149
310.372,1.161
310.626,1.174
310.881,1.192
311.135,1.202
311.389,1.198
311.644,1.172
311.898,1.193
312.153,1.181
312.407,1.178
312.661,1.167
312.916,1.186
313.17,1.182
313.429,1.2
313.688,1.198
313.947,1.2
314.206,1.186
314.465,1.213
314.724,1.21
314.983,1.218
315.242,1.21
315.501,1.211
315.76,1.213
316.019,1.224
316.278,1.223
316.536,1.221
316.795,1.231
317.054,1.229
317.313,1.226
317.572,1.232
317.831,1.218
318.09,1.228
318.349,1.22
318.608,1.218
318.867,1.226
319.126,1.218
319.385,1.211
319.644,1.21
319.903,1.223
320.162,1.217
320.421,1.212
320.68,1.221
320.939,1.22
321.198,1.223
321.457,1.205
321.716,1.218
321.975,1.216
322.234,1.219
322.493,1.208
322.752,1.231
323.01,1.225
323.269,1.225
323.528,1.217
323.787,1.231
324.046,1.23
324.305,1.239
324.564,1.243
324.823,1.234
325.082,1.228
325.341,1.247
325.6,1.251
325.859,1.247
326.118,1.25
326.377,1.254
326.636,1.258
326.895,1.262
327.154,1.265
327.413,1.273
327.672,1.275
327.931,1.27
328.19,1.278
328.449,1.279
328.708,1.278
328.967,1.282
329.226,1.287
329.485,1.283
329.743,1.293
330.002,1.303
330.261,1.305
330.52,1.306
330.779,1.303
331.038,1.304
331.297,1.305
331.556,1.302
331.815,1.299
332.074,1.297
332.333,1.303
332.592,1.309
332.851,1.3
333.11,1.316
333.369,1.312
333.628,1.312
333.887,1.296
334.146,1.3
334.405,1.305
334.664,1.301
334.923,1.298
335.182,1.303
335.441,1.301
335.7,1.299
335.959,1.307
336.217,1.301
336.476,1.306
336.735,1.306
336.994,1.298
337.253,1.307
337.512,1.316
337.771,1.31
338.03,1.305
338.289,1.317
338.548,1.321
338.807,1.313
339.066,1.327
339.325,1.332
339.584,1.323
339.843,1.342
340.102,1.339
340.361,1.338
340.62,1.348
340.879,1.338
341.138,1.352
341.397,1.343
341.656,1.352
341.915,1.351
342.174,1.359
342.433,1.358
342.691,1.366
342.95,1.357
343.209,1.362
343.468,1.368
343.727,1.376
343.986,1.378
344.245,1.378
344.504,1.382
344.763,1.381
345.022,1.387
345.281,1.375
345.54,1.386
345.799,1.382
346.058,1.39
346.317,1.376
346.576,1.382
346.835,1.387
347.094,1.383
347.353,1.377
347.612,1.383
347.871,1.376
348.13,1.375
348.389,1.376
348.648,1.378
348.907,1.375
349.166,1.379
349.424,1.367
349.683,1.375
349.942,1.363
350.201,1.363
350.46,1.367
350.719,1.364
350.978,1.366
351.237,1.369
351.496,1.368
351.755,1.374
352.014,1.369
352.273,1.366
352.532,1.371
352.791,1.379
353.05,1.381
353.309,1.379
353.568,1.377
353.827,1.378
354.086,1.39
354.345,1.391
354.604,1.393
354.863,1.399
355.122,1.402
355.381,1.404
355.64,1.408
355.898,1.413
356.157,1.412
356.416,1.42
356.675,1.424
356.934,1.436
357.193,1.428
357.452,1.429
357.711,1.439
357.97,1.436
358.229,1.446
358.488,1.445
358.747,1.452
359.006,1.459
359.265,1.46
359.524,1.455
359.783,1.456
360.042,1.456
360.301,1.464
360.56,1.471
360.819,1.462
361.078,1.47
361.337,1.464
361.596,1.463
361.855,1.463
362.114,1.47
362.372,1.465
362.631,1.467
362.89,1.469
363.149,1.46
363.408,1.463
363.667,1.462
363.926,1.464
364.185,1.463
364.444,1.456
364.703,1.454
364.962,1.447
365.221,1.455
365.48,1.451
365.741,1.448
366.002,1.449
366.264,1.442
366.525,1.441
366.786,1.436
367.047,1.43
367.308,1.425
367.57,1.434
367.831,1.425
368.092,1.423
368.353,1.428
368.614,1.423
368.876,1.421
369.137,1.428
369.398,1.418
369.659,1.421
369.92,1.421
370.182,1.417
370.443,1.417
370.704,1.415
370.965,1.426
371.226,1.423
371.488,1.421
371.749,1.423
372.01,1.424
372.271,1.424
372.532,1.423
372.794,1.422
373.055,1.427
373.316,1.427
373.577,1.419
373.838,1.42
374.1,1.422
374.361,1.425
374.622,1.421
374.883,1.417
375.144,1.42
375.406,1.417
375.667,1.419
375.928,1.417
376.189,1.412
376.45,1.408
376.712,1.401
376.973,1.406
377.234,1.402
377.495,1.405
377.756,1.396
378.018,1.398
378.279,1.391
378.54,1.382
378.801,1.382
379.062,1.375
379.324,1.371
379.585,1.372
379.846,1.365
380.107,1.353
380.368,1.352
380.63,1.349
380.891,1.344
381.152,1.341
381.413,1.334
381.674,1.327
381.936,1.326
382.197,1.32
382.458,1.312
382.719,1.305
382.98,1.306
383.242,1.301
383.503,1.294
383.764,1.293
384.025,1.286
384.286,1.284
384.548,1.278
384.809,1.273
385.07,1.266
385.331,1.264
385.592,1.261
385.854,1.262
386.115,1.258
386.376,1.254
386.637,1.249
386.898,1.251
387.16,1.245
387.421,1.245
387.682,1.245
387.943,1.239
388.204,1.236
388.466,1.24
388.727,1.238
388.988,1.234
389.249,1.232
389.51,1.233
389.772,1.234
390.033,1.23
390.294,1.232
390.555,1.233
390.816,1.23
391.078,1.231
391.339,1.23
391.6,1.228
391.861,1.233
392.122,1.229
392.384,1.226
392.645,1.226
392.906,1.228
393.167,1.228
393.428,1.227
393.69,1.226
393.951,1.221
394.212,1.222
394.473,1.224
394.734,1.222
394.996,1.223
395.257,1.218
395.518,1.218
395.779,1.218
396.04,1.22
396.302,1.215
396.563,1.215
396.824,1.21
397.085,1.207
397.346,1.209
397.608,1.209
397.869,1.207
398.13,1.206
398.391,1.205
398.652,1.202
398.914,1.2
399.175,1.198
399.436,1.195
399.697,1.195
399.958,1.186
400.22,1.187
400.481,1.183
400.742,1.181
401.003,1.178
401.264,1.173
401.526,1.171
401.787,1.173
402.048,1.166
402.309,1.161
402.57,1.161
402.832,1.155
403.093,1.155
403.354,1.151
403.615,1.143
403.876,1.143
404.138,1.141
404.399,1.14
404.66,1.137
404.931,1.131
405.202,1.129
405.473,1.13
405.745,1.128
406.016,1.127
406.287,1.126
406.558,1.121
406.829,1.119
407.1,1.119
407.371,1.116
407.642,1.117
407.914,1.114
408.185,1.113
408.456,1.113
408.727,1.112
408.998,1.112
409.269,1.113
409.54,1.113
409.811,1.11
410.083,1.11
410.354,1.108
410.625,1.108
410.896,1.111
411.167,1.109
411.438,1.11
411.709,1.111
411.981,1.109
412.252,1.111
412.523,1.11
412.794,1.111
413.065,1.113
413.336,1.111
413.607,1.114
413.878,1.113
414.15,1.112
414.421,1.111
414.692,1.111
414.963,1.111
415.234,1.115
415.505,1.113
415.776,1.113
416.047,1.11
416.319,1.11
416.59,1.112
416.861,1.111
417.132,1.112
417.403,1.11
417.674,1.109
417.945,1.11
418.217,1.108
418.488,1.108
418.759,1.105
419.03,1.106
419.301,1.101
419.572,1.097
419.843,1.096
420.114,1.096
420.386,1.095
420.657,1.094
420.928,1.091
421.199,1.09
421.47,1.086
421.741,1.083
422.012,1.082
422.283,1.081
422.555,1.079
422.826,1.076
423.097,1.071
423.368,1.069
423.639,1.068
423.91,1.065
424.181,1.062
424.453,1.061
424.724,1.058
424.995,1.056
425.266,1.054
425.537,1.051
425.808,1.049
426.079,1.046
426.35,1.045
426.622,1.042
426.893,1.037
427.164,1.034
427.435,1.032
427.706,1.03
427.977,1.028
428.248,1.025
428.519,1.025
428.791,1.023
429.062,1.022
429.333,1.02
429.604,1.018
429.875,1.019
430.146,1.017
430.417,1.014
430.689,1.013
430.96,1.016
431.231,1.015
431.502,1.013
431.773,1.013
432.044,1.012
432.315,1.011
432.586,1.012
432.858,1.012
433.129,1.01
433.4,1.011
433.671,1.011
433.942,1.012
434.213,1.011
434.484,1.012
434.755,1.014
435.027,1.013
435.298,1.014
435.569,1.011
435.84,1.014
436.114,1.013
436.388,1.014
436.663,1.014
436.937,1.016
437.211,1.014
437.485,1.014
437.759,1.013
438.034,1.014
438.308,1.015
438.582,1.017
438.856,1.018
439.13,1.018
439.405,1.017
439.679,1.018
439.953,1.018
440.227,1.019
440.501,1.018
440.776,1.02
441.05,1.016
441.324,1.016
441.598,1.018
441.872,1.018
442.147,1.018
442.421,1.021
442.695,1.018
442.969,1.019
443.244,1.017
443.518,1.019
443.792,1.016
444.066,1.017
444.34,1.017
444.615,1.017
444.889,1.015
445.163,1.014
445.437,1.013
445.711,1.014
445.986,1.014
446.26,1.014
446.534,1.014
446.808,1.01
447.082,1.01
447.357,1.011
447.631,1.01
447.905,1.009
448.179,1.007
448.453,1.006
448.728,1.007
449.002,1.005
449.276,1.004
449.55,1.003
449.824,1
450.099,1.001
450.373,1.006
450.647,1.008
450.921,1.007
451.195,1.007
451.47,1.007
451.744,1.009
452.018,1.009
452.292,1.009
452.566,1.011
452.841,1.01
453.115,1.01
453.389,1.012
453.663,1.012
453.937,1.014
454.212,1.014
454.486,1.013
454.76,1.014
455.034,1.014
455.308,1.015
455.583,1.014
455.857,1.016
456.131,1.016
456.405,1.016
456.68,1.016
456.954,1.017
457.228,1.018
457.502,1.018
457.776,1.018
458.051,1.02
458.325,1.02
458.599,1.02
458.873,1.02
459.147,1.022
459.422,1.021
459.696,1.024
459.97,1.022
460.244,1.024
460.518,1.023
460.793,1.023
461.067,1.026
461.341,1.025
461.615,1.028
461.889,1.026
462.164,1.028
462.438,1.029
462.712,1.029
462.986,1.029
463.26,1.028
463.535,1.031
463.809,1.031
464.083,1.031
464.357,1.03
464.631,1.033
464.906,1.03
465.18,1.032
465.454,1.033
465.728,1.034
466.002,1.033
466.277,1.033
466.551,1.035
466.825,1.032
467.099,1.033
467.373,1.034
467.648,1.037
467.922,1.034
468.196,1.036
468.47,1.036
468.744,1.038
469.019,1.039
469.293,1.038
469.567,1.041
469.841,1.038
470.116,1.04
470.39,1.039
470.664,1.039
470.938,1.041
471.212,1.04
471.487,1.041
471.761,1.045
472.035,1.042
472.309,1.045
472.583,1.046
472.858,1.045
473.132,1.045
473.406,1.046
473.68,1.046
473.954,1.048
474.229,1.046
474.503,1.048
474.777,1.05
475.051,1.05
475.325,1.05
475.6,1.051
475.874,1.05
476.148,1.051
476.422,1.055
476.696,1.053
476.971,1.053
477.245,1.055
477.519,1.055
477.793,1.057
478.067,1.057
478.342,1.056
478.616,1.061
478.89,1.062
479.164,1.06
479.438,1.061
479.713,1.061
479.987,1.063
480.261,1.063
480.535,1.063
480.809,1.065
481.084,1.065
481.358,1.068
481.632,1.068
481.906,1.067
482.18,1.07
482.455,1.071
482.729,1.071
483.003,1.073
483.277,1.074
483.551,1.074
483.826,1.075
484.1,1.075
484.374,1.077
484.648,1.077
484.923,1.08
485.197,1.08
485.471,1.08
485.745,1.082
486.019,1.082
486.294,1.082
486.568,1.084
486.842,1.084
487.116,1.086
487.39,1.088
487.665,1.091
487.939,1.089
488.213,1.09
488.487,1.091
488.761,1.091
489.036,1.096
489.31,1.095
489.584,1.094
489.858,1.097
490.132,1.097
490.407,1.098
490.681,1.101
490.955,1.1
491.229,1.101
491.503,1.101
491.778,1.103
492.052,1.104
492.326,1.104
492.6,1.105
492.874,1.107
493.149,1.108
493.423,1.11
493.697,1.11
493.971,1.112
494.245,1.11
494.52,1.114
494.794,1.116
495.068,1.115
495.342,1.117
495.616,1.119
495.891,1.119
496.165,1.119
496.439,1.12
496.713,1.124
496.987,1.123
497.262,1.123
497.536,1.126
497.81,1.125
498.084,1.127
498.359,1.129
498.633,1.132
498.907,1.133
499.181,1.133
499.455,1.134
499.73,1.134
500.004,1.134
500.278,1.137
500.552,1.138
500.826,1.14
501.101,1.141
501.375,1.141
501.649,1.143
501.923,1.143
502.197,1.143
502.472,1.147
502.746,1.147
503.02,1.149
503.294,1.15
503.568,1.152
503.843,1.153
504.117,1.154
504.391,1.153
504.665,1.154
504.939,1.156
505.214,1.157
505.488,1.159
505.762,1.161
506.036,1.162
506.31,1.162
506.585,1.164
506.859,1.164
507.133,1.166
507.407,1.167
507.681,1.17
507.956,1.171
508.23,1.171
508.504,1.172
508.778,1.174
509.052,1.175
509.327,1.175
509.601,1.176
509.875,1.18
510.149,1.18
510.423,1.18
510.698,1.183
510.972,1.185
511.246,1.185
511.52,1.185
511.795,1.189
512.069,1.186
512.343,1.189
512.617,1.19
512.891,1.191
513.166,1.194
513.44,1.193
513.714,1.194
513.988,1.195
514.262,1.196
514.537,1.2
514.811,1.2
515.085,1.201
515.359,1.204
515.633,1.203
515.908,1.206
516.182,1.207
516.456,1.21
516.73,1.21
517.004,1.212
517.279,1.211
517.553,1.214
517.827,1.217
518.101,1.215
518.375,1.22
518.65,1.219
518.924,1.222
519.198,1.223
519.472,1.224
519.746,1.225
520.021,1.226
520.295,1.23
520.569,1.229
520.843,1.23
521.117,1.232
521.392,1.235
521.666,1.235
521.94,1.239
522.214,1.238
522.488,1.239
522.763,1.239
523.037,1.242
523.311,1.242
523.585,1.246
523.859,1.247
524.134,1.247
524.408,1.249
524.682,1.251
524.956,1.254
525.231,1.254
525.505,1.256
525.779,1.255
526.053,1.26
526.327,1.261
526.602,1.263
526.876,1.264
527.15,1.266
527.424,1.266
527.698,1.27
527.973,1.271
528.247,1.272
528.521,1.275
528.795,1.278
529.069,1.279
529.344,1.278
529.618,1.28
529.892,1.281
530.166,1.283
530.44,1.284
530.715,1.288
530.989,1.29
531.263,1.291
531.537,1.294
531.811,1.294
532.086,1.296
532.36,1.298
532.634,1.299
532.908,1.302
533.182,1.304
533.457,1.304
533.731,1.305
534.005,1.307
534.279,1.309
534.553,1.313
534.828,1.314
535.102,1.313
535.376,1.314
535.65,1.317
535.924,1.318
536.199,1.321
536.473,1.323
536.747,1.325
537.021,1.327
537.295,1.326
537.57,1.328
537.844,1.33
538.118,1.333
538.392,1.333
538.666,1.338
538.941,1.337
539.215,1.338
539.489,1.339
539.763,1.342
540.038,1.346
540.312,1.344
540.586,1.346
540.86,1.347
541.134,1.35
541.409,1.35
541.683,1.353
541.957,1.354
542.231,1.355
542.505,1.36
542.78,1.361
543.054,1.361
543.328,1.361
543.602,1.366
543.876,1.365
544.151,1.369
544.425,1.37
544.699,1.372
544.973,1.371
545.247,1.374
545.522,1.378
545.796,1.379
546.07,1.379
546.351,1.383
546.632,1.384
546.912,1.383
547.193,1.384
547.474,1.387
547.755,1.389
548.036,1.392
548.317,1.392
548.597,1.395
548.878,1.394
549.159,1.397
549.44,1.398
549.721,1.402
550.001,1.404
550.282,1.404
550.563,1.405
550.844,1.407
551.125,1.408
551.406,1.411
551.686,1.413
551.967,1.415
552.248,1.416
552.529,1.418
552.81,1.421
553.09,1.422
553.371,1.425
553.652,1.425
553.933,1.426
554.214,1.429
554.495,1.433
554.775,1.431
555.056,1.432
555.337,1.436
555.618,1.437
555.899,1.44
556.179,1.442
556.46,1.443
556.741,1.444
557.022,1.446
557.303,1.449
557.584,1.451
557.864,1.453
558.145,1.452
558.426,1.457
558.707,1.459
558.988,1.459
559.268,1.461
559.549,1.464
559.83,1.466
560.111,1.467
560.392,1.469
560.673,1.471
560.953,1.475
561.234,1.476
561.515,1.479
561.796,1.481
562.077,1.481
562.357,1.482
562.638,1.487
562.919,1.489
563.2,1.49
563.481,1.493
563.762,1.495
564.042,1.498
564.323,1.498
564.604,1.502
564.885,1.503
565.166,1.507
565.446,1.508
565.727,1.509
566.008,1.512
566.289,1.515
566.57,1.515
566.851,1.52
567.131,1.523
567.412,1.523
567.693,1.526
567.974,1.528
568.255,1.529
568.535,1.533
568.816,1.536
569.097,1.539
569.378,1.541
569.659,1.542
569.94,1.545
570.22,1.549
570.501,1.551
570.782,1.551
571.063,1.553
571.344,1.557
571.624,1.558
571.905,1.562
572.186,1.562
572.467,1.565
572.748,1.568
573.029,1.57
573.309,1.571
573.59,1.575
573.871,1.577
574.152,1.58
574.433,1.581
574.713,1.585
574.994,1.585
575.275,1.591
575.556,1.591
575.837,1.592
576.118,1.595
576.398,1.599
576.679,1.6
576.96,1.602
577.245,1.606
577.531,1.607
577.816,1.611
578.102,1.612
578.387,1.614
578.672,1.62
578.958,1.619
579.243,1.622
579.529,1.627
579.814,1.631
580.099,1.631
580.385,1.633
580.67,1.635
580.956,1.639
581.241,1.643
581.526,1.641
581.812,1.645
582.097,1.646
582.382,1.649
582.668,1.653
582.953,1.657
583.239,1.656
583.524,1.657
583.809,1.662
584.095,1.663
584.38,1.665
584.666,1.667
584.951,1.673
585.236,1.671
585.522,1.675
585.807,1.677
586.093,1.681
586.378,1.683
586.663,1.684
586.949,1.685
587.234,1.687
587.52,1.687
587.805,1.692
588.09,1.693
588.376,1.697
588.661,1.697
588.947,1.699
589.232,1.702
589.517,1.702
589.803,1.707
590.088,1.707
590.374,1.71
590.659,1.713
590.944,1.716
591.23,1.714
591.515,1.718
591.8,1.718
592.086,1.72
592.371,1.726
592.657,1.728
592.942,1.728
593.227,1.73
593.513,1.733
593.798,1.735
594.084,1.739
594.369,1.739
594.654,1.74
594.94,1.743
595.225,1.747
595.511,1.749
595.796,1.751
596.081,1.753
596.367,1.756
596.652,1.76
596.938,1.762
597.223,1.762
597.508,1.765
597.794,1.767
598.079,1.772
598.365,1.771
598.65,1.775
598.935,1.78
599.221,1.781
599.506,1.782
599.792,1.785
600.077,1.786
600.362,1.79
600.648,1.793
600.933,1.792
601.218,1.797
601.504,1.8
601.789,1.802
602.075,1.805
602.36,1.808
602.645,1.81
602.931,1.812
603.216,1.816
603.502,1.82
603.787,1.82
604.072,1.822
604.358,1.825
604.643,1.828
604.929,1.83
605.214,1.833
605.499,1.839
605.785,1.841
606.07,1.845
606.356,1.847
606.641,1.848
606.926,1.852
607.212,1.853
607.497,1.859
607.783,1.86
608.068,1.863
608.353,1.866
608.639,1.871
608.924,1.874
609.21,1.876
609.495,1.877
609.78,1.88
610.066,1.883
610.351,1.888
610.636,1.89
610.922,1.894
611.207,1.897
611.493,1.898
611.778,1.901
612.063,1.906
612.349,1.909
612.634,1.912
612.92,1.914
613.205,1.917
613.49,1.922
613.776,1.925
614.061,1.927
614.347,1.93
614.632,1.935
614.917,1.938
615.203,1.942
615.488,1.944
615.774,1.949
616.059,1.949
616.344,1.953
616.63,1.956
616.915,1.958
617.201,1.96
617.486,1.967
617.771,1.97
618.057,1.974
618.342,1.973
618.627,1.978
618.913,1.979
619.198,1.985
619.484,1.988
619.769,1.995
620.054,1.998
620.34,1.998
620.625,2.002
620.911,2.008
621.196,2.009
621.481,2.014
621.767,2.014
622.052,2.021
622.338,2.022
622.623,2.027
622.908,2.031
623.194,2.032
623.479,2.036
623.765,2.04
624.05,2.042
624.335,2.045
624.621,2.049
624.906,2.056
625.192,2.054
625.477,2.059
625.762,2.066
626.048,2.066
626.333,2.069
626.619,2.075
626.904,2.077
627.189,2.082
627.475,2.086
627.76,2.088
628.045,2.088
628.331,2.094
628.616,2.095
628.902,2.101
629.187,2.103
629.472,2.109
629.758,2.112
630.043,2.114
630.329,2.119
630.614,2.124
630.899,2.127
631.185,2.131
631.47,2.137
631.756,2.14
632.041,2.142
632.326,2.145
632.612,2.149
632.897,2.153
633.183,2.158
633.468,2.16
633.753,2.167
634.039,2.17
634.324,2.172
634.61,2.178
634.895,2.183
635.18,2.185
635.466,2.188
635.751,2.194
636.037,2.198
636.322,2.204
636.607,2.207
636.893,2.208
637.178,2.214
637.463,2.22
637.749,2.224
638.034,2.226
638.32,2.23
638.605,2.235
638.89,2.24
639.176,2.244
639.461,2.249
639.747,2.249
640.032,2.257
640.317,2.259
640.603,2.265
640.888,2.272
641.174,2.275
641.459,2.28
641.744,2.285
642.03,2.288
642.315,2.295
642.601,2.296
642.886,2.3
643.171,2.304
643.457,2.31
643.742,2.316
644.028,2.319
644.313,2.322
644.598,2.33
644.884,2.334
645.169,2.337
645.455,2.341
645.74,2.347
646.025,2.354
646.311,2.356
646.596,2.363
646.881,2.368
647.167,2.373
647.452,2.374
647.738,2.38
648.023,2.388
648.308,2.39
648.594,2.396
648.879,2.406
649.165,2.409
649.45,2.413
649.735,2.415
650.021,2.423
650.306,2.428
650.592,2.434
650.877,2.434
651.162,2.444
651.448,2.447
651.733,2.453
652.019,2.459
652.304,2.457
652.589,2.469
652.875,2.473
653.16,2.48
653.446,2.481
653.731,2.487
654.016,2.492
654.302,2.501
654.587,2.505
654.873,2.511
655.158,2.512
655.443,2.521
655.729,2.521
656.014,2.531
656.299,2.534
656.585,2.539
656.87,2.544
657.156,2.55
657.441,2.553
657.726,2.563
658.012,2.568
658.297,2.572
658.583,2.58
658.868,2.586
659.153,2.593
659.439,2.595
659.724,2.595
660.01,2.605
660.295,2.611
660.58,2.616
660.866,2.621
661.151,2.63
661.437,2.63
661.722,2.638
662.007,2.644
662.293,2.65
662.578,2.655
662.864,2.657
663.149,2.664
663.434,2.672
663.72,2.682
664.005,2.687
664.29,2.689
664.576,2.699
664.861,2.701
665.147,2.704
665.432,2.711
665.717,2.718
666.003,2.724
666.288,2.73
666.574,2.734
666.859,2.74
667.144,2.743
667.43,2.749
667.715,2.761
668.001,2.767
668.286,2.77
668.571,2.776
668.857,2.783
669.142,2.787
669.428,2.796
669.713,2.8
669.998,2.805
670.284,2.808
670.569,2.815
670.855,2.821
671.14,2.828
671.425,2.836
671.711,2.839
671.996,2.85
672.282,2.85
672.567,2.861
672.852,2.866
673.138,2.873
673.423,2.879
673.708,2.885
673.994,2.891
674.279,2.894
674.565,2.904
674.85,2.908
675.135,2.908
675.421,2.917
675.706,2.927
675.992,2.932
676.277,2.942
676.562,2.946
676.848,2.952
677.133,2.962
677.419,2.967
677.704,2.973
677.989,2.976
678.275,2.987
678.56,2.989
678.846,3.001
679.131,3.004
679.416,3.015
679.702,3.017
679.987,3.023
680.273,3.029
680.558,3.036
680.843,3.042
681.129,3.049
681.414,3.054
681.7,3.07
681.985,3.069
682.27,3.077
682.556,3.086
682.841,3.091
683.126,3.102
683.412,3.108
683.697,3.118
683.983,3.119
684.268,3.132
684.553,3.136
684.839,3.145
685.124,3.149
685.41,3.158
685.695,3.165
685.98,3.177
686.266,3.189
686.551,3.194
686.837,3.202
687.122,3.21
687.407,3.217
687.693,3.22
687.978,3.234
688.264,3.243
688.549,3.255
688.834,3.256
689.12,3.265
689.405,3.282
689.691,3.285
689.976,3.294
690.261,3.307
690.547,3.313
690.832,3.321
691.118,3.328
691.403,3.342
691.688,3.344
691.974,3.358
692.259,3.367
692.544,3.379
692.83,3.389
693.115,3.397
693.401,3.401
693.686,3.409
693.971,3.425
694.257,3.441
694.542,3.444
694.828,3.447
695.113,3.458
695.398,3.462
695.684,3.469
695.969,3.493
696.255,3.5
696.54,3.511
696.834,3.522
697.127,3.53
697.421,3.54
697.715,3.546
698.008,3.557
698.302,3.565
698.596,3.575
698.889,3.588
699.183,3.596
699.477,3.606
699.771,3.615
700.064,3.634
700.358,3.641
700.652,3.647
700.945,3.659
701.239,3.657
701.533,3.677
701.826,3.683
702.12,3.694
702.414,3.706
702.707,3.714
703.001,3.72
703.295,3.74
703.588,3.743
703.882,3.754
704.176,3.771
704.469,3.777
704.763,3.79
705.057,3.799
705.351,3.804
705.644,3.824
705.938,3.835
706.232,3.842
706.525,3.848
706.819,3.859
707.113,3.867
707.406,3.872
707.7,3.889
707.994,3.895
708.287,3.907
708.581,3.926
708.875,3.932
709.168,3.937
709.462,3.949
709.756,3.963
710.049,3.968
710.343,3.986
710.637,3.995
710.931,4.001
711.224,4.019
711.518,4.033
711.812,4.035
712.105,4.048
712.399,4.061
712.693,4.067
712.986,4.08
713.28,4.087
713.574,4.103
713.867,4.114
714.161,4.119
714.455,4.128
714.748,4.152
715.042,4.162
715.336,4.17
715.629,4.183
715.923,4.196
716.217,4.195
716.511,4.212
716.804,4.227
717.098,4.233
717.392,4.248
717.685,4.258
717.979,4.267
718.273,4.27
718.566,4.283
718.86,4.3
719.154,4.313
719.447,4.324
719.741,4.327
720.035,4.341
720.328,4.349
720.622,4.376
720.916,4.388
721.209,4.39
721.503,4.4
721.797,4.414
722.091,4.434
722.384,4.442
722.678,4.448
722.972,4.452
723.265,4.464
723.559,4.49
723.853,4.497
724.146,4.503
724.44,4.518
724.734,4.532
725.027,4.539
725.321,4.557
725.615,4.567
725.908,4.575
726.202,4.594
726.496,4.618
726.789,4.616
727.083,4.632
727.377,4.648
727.671,4.649
727.964,4.668
728.258,4.675
728.552,4.694
728.845,4.705
729.139,4.713
729.433,4.722
729.726,4.726
730.02,4.758
730.314,4.759
730.607,4.771
730.901,4.785
731.195,4.808
731.488,4.807
731.782,4.815
732.076,4.831
732.369,4.852
732.663,4.864
732.957,4.874
733.251,4.893
733.544,4.906
733.838,4.914
734.132,4.929
734.425,4.947
734.719,4.962
735.013,4.968
735.306,4.98
735.6,4.997
735.894,5.011
736.187,5.021
736.481,5.03
736.775,5.051
737.068,5.053
737.362,5.07
737.656,5.086
737.949,5.101
738.243,5.104
738.537,5.118
738.831,5.134
739.124,5.157
739.418,5.169
739.712,5.169
740.005,5.187
740.299,5.212
740.593,5.226
740.886,5.238
741.18,5.247
741.474,5.272
741.767,5.279
742.061,5.308
742.355,5.305
742.648,5.328
742.942,5.352
743.236,5.351
743.529,5.376
743.823,5.379
744.117,5.391
744.411,5.418
744.704,5.428
744.998,5.448
745.292,5.463
745.585,5.464
745.879,5.497
746.173,5.508
746.466,5.534
746.76,5.542
747.054,5.56
747.347,5.571
747.641,5.597
747.935,5.597
748.228,5.613
748.522,5.622
748.816,5.638
749.109,5.661
749.403,5.669
749.697,5.682
749.991,5.704
750.284,5.712
750.578,5.755
750.872,5.754
751.165,5.778
751.459,5.795
751.753,5.816
752.046,5.817
752.34,5.835
752.634,5.845
752.927,5.872
753.221,5.885
753.515,5.923
753.808,5.935
754.102,5.938
754.396,5.953
754.689,5.983
754.983,5.995
755.277,6.025
755.571,6.03
755.864,6.05
756.158,6.064
756.452,6.074
756.745,6.092
757.039,6.119
757.333,6.144
757.626,6.153
757.92,6.16
758.214,6.191
758.507,6.215
758.801,6.222
759.095,6.241
759.388,6.265
759.682,6.292
759.976,6.302
760.269,6.317
760.563,6.339
760.857,6.365
761.151,6.383
761.444,6.399
761.738,6.428
762.032,6.44
762.325,6.453
762.619,6.483
762.913,6.495
763.206,6.513
763.5,6.527
763.798,6.562
764.097,6.583
764.395,6.592
764.693,6.621
764.992,6.648
765.29,6.667
765.588,6.684
765.887,6.701
766.185,6.723
766.483,6.734
766.782,6.754
767.08,6.779
767.378,6.806
767.677,6.811
767.975,6.831
768.273,6.863
768.571,6.88
768.87,6.908
769.168,6.928
769.466,6.951
769.765,6.964
770.063,6.988
770.361,7.017
770.66,7.031
770.958,7.073
771.256,7.085
771.555,7.118
771.853,7.121
772.151,7.147
772.45,7.168
772.748,7.202
773.046,7.216
773.345,7.241
773.643,7.258
773.941,7.274
774.24,7.305
774.538,7.329
774.836,7.331
775.135,7.362
775.433,7.388
775.731,7.402
776.03,7.44
776.328,7.462
776.626,7.468
776.925,7.51
777.223,7.512
777.521,7.547
777.819,7.566
778.118,7.581
778.416,7.596
778.714,7.639
779.013,7.66
779.311,7.688
779.609,7.686
779.908,7.731
780.206,7.754
780.504,7.764
780.803,7.795
781.101,7.819
781.399,7.836
781.698,7.869
781.996,7.858
782.294,7.895
782.593,7.915
782.891,7.949
783.189,7.97
783.488,7.974
783.786,8.034
784.084,8.046
784.383,8.086
784.681,8.095
784.979,8.095
785.278,8.118
785.576,8.155
785.874,8.155
786.173,8.185
786.471,8.226
786.769,8.261
787.068,8.273
787.366,8.294
787.664,8.331
787.962,8.339
788.261,8.37
788.559,8.368
788.857,8.38
789.156,8.414
789.454,8.469
789.752,8.481
790.051,8.519
790.349,8.515
790.647,8.557
790.946,8.588
791.244,8.608
791.542,8.621
791.841,8.631
792.139,8.664
792.437,8.695
792.736,8.712
793.034,8.747
793.332,8.767
793.631,8.808
793.929,8.83
794.227,8.858
794.526,8.871
794.824,8.908
795.122,8.952
795.421,8.958
795.719,8.988
796.017,9.02
796.316,9.037
796.614,9.078
796.912,9.12
797.211,9.13
797.509,9.164
797.807,9.178
798.105,9.192
798.404,9.236
798.702,9.27
799,9.292
799.299,9.292
799.597,9.317
799.895,9.375
800.194,9.39
800.492,9.43
800.79,9.465
801.089,9.47
801.387,9.502
801.685,9.517
801.984,9.558
802.282,9.582
802.58,9.61
802.879,9.631
803.177,9.675
803.475,9.699
803.774,9.718
804.072,9.755
804.37,9.787
804.669,9.809
804.967,9.843
805.265,9.859
805.564,9.921
805.862,9.9
806.16,9.937
806.459,9.976
806.757,10.014
807.055,10.008
807.353,10.042
807.652,10.057
807.95,10.121
808.248,10.114
808.547,10.168
808.845,10.171
809.143,10.197
809.442,10.235
809.74,10.251
810.038,10.289
810.337,10.362
810.635,10.373
810.933,10.392
811.232,10.404
811.53,10.456
811.831,10.457
812.132,10.486
812.432,10.512
812.733,10.539
813.034,10.56
813.335,10.599
813.636,10.617
813.936,10.668
814.237,10.675
814.538,10.731
814.839,10.731
815.14,10.797
815.44,10.777
815.741,10.822
816.042,10.837
816.343,10.875
816.644,10.926
816.945,10.927
817.245,10.927
817.546,10.974
817.847,11.002
818.148,11.029
818.449,11.056
818.749,11.068
819.05,11.125
819.351,11.14
819.652,11.19
819.953,11.203
820.253,11.226
820.554,11.248
820.855,11.285
821.156,11.297
821.457,11.305
821.757,11.395
822.058,11.392
822.359,11.377
822.66,11.433
822.961,11.475
823.261,11.497
823.562,11.517
823.863,11.53
824.164,11.555
824.465,11.554
824.765,11.612
825.066,11.641
825.367,11.67
825.668,11.712
825.969,11.701
826.269,11.77
826.57,11.794
826.871,11.791
827.172,11.846
827.473,11.88
827.774,11.925
828.074,11.957
828.375,11.932
828.676,11.975
828.977,12.022
829.278,12.018
829.578,12.059
829.879,12.09
830.18,12.134
830.481,12.162
830.782,12.177
831.082,12.187
831.383,12.234
831.684,12.264
831.985,12.314
832.286,12.328
832.586,12.355
832.887,12.384
833.188,12.448
833.489,12.421
833.79,12.505
834.09,12.522
834.391,12.548
834.692,12.586
834.993,12.591
835.294,12.636
835.594,12.637
835.895,12.662
836.196,12.701
836.497,12.781
836.798,12.794
837.099,12.787
837.399,12.82
837.7,12.829
838.001,12.859
838.302,12.894
838.603,12.931
838.903,12.948
839.204,13.024
839.505,13.047
839.806,13.06
840.107,13.042
840.407,13.124
840.708,13.152
841.009,13.155
841.31,13.189
841.611,13.229
841.911,13.267
842.212,13.32
842.513,13.366
842.814,13.34
843.115,13.421
843.415,13.437
843.716,13.453
844.017,13.482
844.318,13.524
844.619,13.588
844.919,13.559
845.22,13.602
845.521,13.624
845.822,13.681
846.123,13.708
846.423,13.707
846.724,13.74
847.025,13.775
847.326,13.872
847.627,13.865
847.928,13.885
848.228,13.902
848.529,13.919
848.83,13.955
849.131,14.035
849.432,14.027
849.732,14.02
850.033,14.101
850.334,14.138
850.635,14.188
850.936,14.186
851.236,14.21
851.537,14.216
851.838,14.292
852.139,14.319
852.44,14.38
852.74,14.381
853.041,14.395
853.342,14.436
853.643,14.44
853.944,14.479
854.244,14.469
854.545,14.548
854.846,14.572
855.147,14.677
855.448,14.627
855.748,14.635
856.049,14.657
856.35,14.708
856.651,14.749
856.952,14.763
857.253,14.852
857.553,14.862
857.854,14.901
858.155,14.911
858.456,14.951
858.757,14.992
859.057,15.027
859.358,15.013
859.659,15.028
859.96,15.09
860.261,15.127
860.561,15.15
860.862,15.192
861.163,15.248
861.464,15.257
861.765,15.286
862.065,15.349
862.366,15.308
862.667,15.406
862.968,15.387
863.269,15.427
863.569,15.391
863.87,15.49
864.171,15.558
864.472,15.558
864.773,15.614
865.073,15.663
865.374,15.681
865.675,15.683
865.976,15.708
866.277,15.792
866.577,15.72
866.878,15.799
867.179,15.859
867.48,15.854
867.781,15.901
868.082,15.938
868.382,15.97
868.683,16.039
868.984,16.004
869.285,16.036
869.586,16.134
869.886,16.106
870.187,16.14
870.488,16.203
870.789,16.23
871.09,16.308
871.39,16.287
871.691,16.34
871.992,16.32
872.293,16.393
872.594,16.389
872.894,16.401
873.195,16.43
873.496,16.53
873.797,16.559
874.098,16.569
874.398,16.626
874.699,16.64
875,16.65
875.301,16.687
875.602,16.703
875.902,16.767
876.203,16.841
876.504,16.869
876.805,16.867
877.106,16.875
877.407,16.926
877.707,16.973
878.008,17.043
878.309,17.098
878.61,17.142
878.911,17.146
879.211,17.235
879.512,17.271
879.813,17.265
880.114,17.254
880.415,17.293
880.715,17.356
881.016,17.382
881.317,17.449
881.618,17.444
881.919,17.528
882.219,17.507
882.52,17.547
882.821,17.546
883.122,17.631
883.423,17.716
883.723,17.76
884.024,17.824
884.325,17.793
884.626,17.861
884.927,17.893
885.227,18.024
885.528,18.05
885.829,18.072
886.13,18.137
886.431,18.17
886.731,18.247
887.032,18.243
887.333,18.285
887.634,18.342
887.935,18.385
888.236,18.413
888.536,18.479
888.837,18.525
889.138,18.615
889.439,18.665
889.74,18.713
890.04,18.734
890.341,18.869
890.642,18.841
890.943,18.932
891.244,18.951
891.544,19.019
891.845,19.073
892.146,19.106
892.447,19.158
892.748,19.332
893.048,19.277
893.349,19.359
893.65,19.475
893.951,19.42
894.252,19.573
894.552,19.562
894.853,19.712
895.154,19.701
895.455,19.738
895.756,19.787
896.056,19.849
896.357,19.967
896.658,19.894
896.959,20.023
897.26,20.023
897.561,20.103
897.861,20.24
898.162,20.201
898.463,20.261
898.764,20.312
899.065,20.409
899.365,20.476
899.666,20.456
899.967,20.564
900.268,20.588
900.569,20.546
900.869,20.585
901.17,20.744
901.471,20.744
901.772,20.808
902.073,20.853
902.373,20.91
902.674,20.846
902.975,21.029
903.276,21.039
903.577,21.049
903.877,21.16
904.178,21.16
904.479,21.197
904.78,21.218
905.081,21.277
905.381,21.337
905.682,21.406
905.983,21.501
906.284,21.655
906.585,21.64
906.885,21.665
907.186,21.744
907.487,21.629
907.788,21.742
908.089,21.864
908.39,21.87
908.69,21.959
908.991,22.081
909.292,22.019
909.593,22.147
909.894,22.259
910.194,22.264
910.495,22.319
910.796,22.327
911.097,22.351
911.398,22.416
911.698,22.581
911.999,22.549
912.3,22.679
912.607,22.702
912.915,22.76
913.222,22.803
913.529,22.932
913.837,22.98
914.144,23.008
914.451,22.962
914.759,23.172
915.066,23.264
915.374,23.329
915.681,23.402
915.988,23.399
916.296,23.476
916.603,23.553
916.91,23.609
917.218,23.72
917.525,23.749
917.832,23.794
918.14,23.807
918.447,23.99
918.754,24.072
919.062,24.083
919.369,24.174
919.677,24.259
919.984,24.379
920.291,24.411
920.599,24.429
920.906,24.642
921.213,24.706
921.521,24.663
921.828,24.807
922.135,24.897
922.443,24.967
922.75,25.089
923.057,25.267
923.365,25.241
923.672,25.258
923.98,25.357
924.287,25.476
924.594,25.6
924.902,25.709
925.209,25.759
925.516,25.748
925.824,25.922
926.131,25.979
926.438,26.18
926.746,26.279
927.053,26.322
927.36,26.385
927.668,26.527
927.975,26.619
928.283,26.747
928.59,26.778
928.897,26.843
929.205,26.869
929.512,27.034
929.819,27.317
930.127,27.328
930.434,27.373
930.741,27.605
931.049,27.628
931.356,27.706
931.663,27.737
931.971,27.838
932.278,27.981
932.586,28.074
932.893,28.172
933.2,28.414
933.508,28.431
933.815,28.541
934.122,28.532
934.43,28.596
934.737,28.965
935.044,28.903
935.352,29.114
935.659,29.09
935.966,29.33
936.274,29.407
936.581,29.544
936.889,29.599
937.196,29.834
937.503,29.667
937.811,29.839
938.118,30.138
938.425,30.27
938.733,30.519
939.04,30.469
939.347,30.548
939.655,30.657
939.962,30.716
940.269,30.923
940.577,30.948
940.884,31.092
941.191,31.338
941.499,31.485
941.806,31.524
942.114,31.673
942.421,31.711
942.728,31.741
943.036,31.899
943.343,32.145
943.65,32.394
943.958,32.662
944.265,32.492
944.572,32.506
944.88,32.752
945.187,32.805
945.494,33.108
945.802,33.384
946.109,33.29
946.417,33.546
946.724,33.529
947.031,33.558
947.339,33.808
947.646,33.813
947.953,33.971
948.261,34.287
948.568,34.294
948.875,34.509
949.183,34.459
949.49,34.683
949.797,34.925
950.105,35.21
950.412,35.199
950.72,35.511
951.027,35.433
951.334,35.439
951.642,35.779
951.949,35.902
952.256,36.017
952.564,36.175
952.871,36.454
953.178,36.468
953.486,36.508
953.793,36.616
954.1,36.846
954.408,37.085
954.715,36.993
955.023,37.198
955.33,37.387
955.637,37.701
955.945,37.794
956.252,37.86
956.559,37.765
956.867,38.073
957.174,38.365
957.481,38.467
957.789,38.571
958.096,38.783
958.403,38.869
958.711,38.981
959.018,39.234
959.326,39.403
959.633,39.402
959.94,39.62
960.248,39.773
960.555,39.915
960.862,40.292
961.17,40.24
961.477,40.452
961.784,40.586
962.092,40.631
962.399,40.985
962.706,41.082
963.014,41.176
963.321,41.537
963.629,41.664
963.936,41.471
964.243,42.055
964.551,42.183
964.858,42.056
965.165,42.459
965.473,42.351
965.78,42.844
966.092,42.777
966.404,43.166
966.716,43.273
967.028,43.248
967.34,43.776
967.652,43.515
967.964,43.644
968.276,43.862
968.588,44.389
968.9,44.485
969.212,44.317
969.524,44.55
969.836,44.949
970.148,44.8
970.46,45.023
970.772,45.13
971.084,45.352
971.396,45.554
971.708,45.577
972.02,45.973
972.332,46.165
972.644,46.209
972.956,46.452
973.268,46.633
973.58,47.055
973.892,47.175
974.204,47.051
974.516,47.504
974.828,47.597
975.14,47.953
975.452,47.807
975.764,47.911
976.076,48.255
976.388,48.508
976.7,48.232
977.012,49.114
977.324,49.082
977.636,48.841
977.948,49.124
978.26,49.298
978.572,49.668
978.884,50.028
979.196,50.306
979.508,50.309
979.82,50.28
980.132,50.601
980.444,50.45
980.756,50.88
981.068,50.951
981.38,51.233
981.692,51.439
982.004,51.309
982.316,51.607
982.628,51.845
982.94,52.258
983.252,52.246
983.564,52.169
983.876,52.6
984.188,52.876
984.5,53.038
984.812,53.381
985.124,53.611
985.436,53.724
985.748,53.587
986.06,53.932
986.372,53.89
986.684,54.067
986.996,54.279
987.308,54.455
987.62,54.736
987.932,54.843
988.244,55.266
988.556,55.299
988.868,55.744
989.18,55.92
989.492,55.768
989.804,56.142
990.116,56.277
990.428,56.485
990.74,56.747
991.052,56.691
991.364,57.178
991.676,57.004
991.988,57.262
992.3,57.329
992.612,57.817
992.924,57.763
993.236,58.273
993.548,57.978
993.86,58.509
994.172,58.385
994.484,58.737
994.796,59.049
995.108,59.059
995.42,58.945
995.732,59.521
996.044,59.237
996.356,59.588
996.668,59.838
996.98,59.565
997.292,60.423
997.604,60.354
997.916,60.286
998.228,60.901
998.54,60.704
998.852,60.504
999.164,60.971
999.476,60.919
999.788,61.502
1000.1,61.097
1000.412,61.82
1000.724,61.123
1001.036,62.003
1001.348,61.702
1001.66,61.983
1001.972,62.041
1002.284,62.348
1002.596,62.568
1002.908,62.42
1003.22,62.756
1003.532,62.792
1003.844,63.675
1004.156,63.761
1004.468,64.037
1004.78,63.719
1005.092,63.616
1005.404,64.499
1005.716,64.367
1006.028,64.312
1006.34,64.669
1006.652,64.835
1006.964,64.755
1007.276,65.268
1007.588,65.438
1007.9,65.057
1008.212,65.25
1008.524,65.418
1008.836,66.196
1009.148,65.837
1009.46,66.137
1009.772,66.877
1010.084,66.796
1010.396,67.338
1010.708,66.659
1011.02,67.33
1011.332,67.508
1011.644,67.902
1011.956,68.165
1012.268,68.028
1012.58,68.107
1012.892,68.638
1013.204,68.479
1013.516,69.042
1013.828,68.555
1014.14,69.066
1014.452,69.307
1014.764,69.361
1015.076,70.015
1015.388,70.125
1015.7,70.175
1016.012,71.039
1016.324,70.756
1016.636,71.06
1016.948,71.253
1017.26,70.801
1017.572,71.303
1017.884,72.013
1018.196,71.551
1018.508,71.12
1018.82,71.768
1019.132,72.568
1019.444,72.914
1019.756,72.262
1020.068,73.07
1020.38,73.239
1020.692,73.884
1021.004,73.488
1021.316,73.361
1021.628,73.982
1021.94,73.851
1022.252,74.417
1022.564,74.583
1022.876,75.001
1023.188,74.558
1023.5,75.223
1023.812,75.431
1024.124,76.008
1024.436,75.746
1024.748,75.696
1025.06,75.903
1025.372,76.557
1025.684,77.539
1025.996,77.125
1026.308,77.599
1026.62,77.845
1026.932,77.331
1027.244,77.438
1027.556,77.548
1027.868,78.491
1028.18,78.33
1028.492,78.506
1028.804,78.951
1029.116,79.436
1029.428,78.929
1029.74,79.894
1030.052,79.964
1030.364,80.074
1030.676,80.145
1030.988,80.148
1031.3,80.638
1031.612,80.955
1031.924,81.062
1032.236,80.96
1032.548,81.85
1032.86,81.707
1033.172,82.392
1033.484,82.865
1033.796,82.007
1034.108,82.263
1034.42,82.483
1034.732,82.076
1035.044,82.258
1035.356,82.851
1035.668,82.999
1035.98,83.223
1036.292,83.297
1036.604,84.097
1036.916,84.133
1037.228,84.131
1037.54,84.052
1037.852,84.554
1038.164,85.101
1038.476,85.456
1038.788,85.573
1039.1,86.053
1039.412,85.251
1039.724,85.807
1040.036,86.127
1040.348,86.531
1040.66,86.898
1040.972,87.143
1041.284,87.977
1041.596,88.101
1041.908,88.056
1042.22,88.011
1042.532,88.991
1042.844,89.248
1043.156,89.159
1043.468,89.417
1043.78,89.545
1044.092,89.894
1044.404,90.379
1044.716,90.869
1045.028,90.641
1045.34,91.406
1045.652,91.77
1045.964,91.721
1046.276,91.948
1046.588,92.269
1046.9,92.498
1047.212,93.296
1047.524,94.107
1047.836,94.249
1048.148,93.715
1048.46,94.242
1048.772,94.19
1049.084,95.165
1049.396,95.859
1049.708,96.41
1050.02,95.902
1050.332,96.811
1050.644,97.012
1050.956,97.318
1051.268,97.521
1051.58,97.673
1051.892,97.669
1052.204,97.822
1052.516,98.027
1052.828,98.392
1053.14,98.6
1053.452,98.916
1053.764,99.503
1054.076,99.445
1054.388,100.257
1054.7,101.702
1055.012,100.194
1055.324,101.243
1055.636,101.915
1055.948,102.195
1056.26,102.477
1056.572,102.875
1056.884,102.755
1057.196,102.982
1057.508,103.384
1057.82,104.204
1058.132,104.021
1058.444,104.851
1058.756,105.027
1059.068,105.446
1059.38,105.807
1059.692,105.986
1060.004,105.736
1060.316,106.968
1060.628,106.588
1060.94,107.145
1061.252,107.962
1061.564,108.792
1061.876,110.097
1062.188,109.367
1062.5,109.822
1062.812,109.553
1063.124,109.81
1063.436,110.669
1063.748,110.463
1064.06,111.4
1064.372,111.326
1064.684,111.797
1064.996,112.966
1065.308,113.311
1065.62,112.815
1065.932,113.51
1066.244,112.942
1066.556,114.422
1066.868,114.487
1067.18,115.788
1067.492,114.546
1067.804,115.555
1068.116,115.622
1068.428,115.25
1068.74,115.902
1069.052,116.191
1069.364,115.668
1069.676,117.222
1069.988,117.517
1070.3,117.738
1070.612,117.579
1070.924,117.876
1071.236,117.338
1071.548,118.014
1071.86,116.723
1072.172,117.848
1072.484,118.376
1072.796,118.139
1073.108,117.295
1073.42,117.895
1073.732,117.659
1074.044,118.263
1074.356,118.409
1074.668,118.633
1074.98,118.471
1075.292,118.618
1075.604,118.225
1075.916,119.145
1076.228,119.764
1076.54,120.31
1076.852,119.985
1077.164,119.662
1077.476,120.685
1077.788,120.837
1078.1,121.474
1078.412,122.364
1078.724,122.438
1079.036,122.347
1079.348,122.504
1079.66,123.409
1079.972,122.901
1080.284,123.56
1080.596,123.467
1080.908,123.292
1081.22,124.294
1081.532,124.54
1081.844,125.563
1082.156,125.295
1082.468,125.459
1082.78,125.71
1083.092,126.137
1083.404,125.779
1083.716,125.945
1084.028,126.198
1084.34,126.982
1084.652,126.355
1084.964,126.964
1085.276,127.758
1085.588,127.569
1085.9,129.009
1086.212,129.644
1086.524,130.098
1086.836,129.44
1087.148,129.986
1087.46,131.387
1087.772,131.472
1088.084,132.036
1088.396,132.604
1088.708,133.276
1089.02,133.462
1089.332,133.256
1089.644,133.245
1089.956,134.022
1090.268,134.708
1090.58,134.999
1090.892,135.29
1091.204,134.777
1091.516,136.491
1091.828,135.461
1092.14,136.675
1092.464,136.458
1092.788,137.17
1093.112,137.575
1093.436,138.403
1093.76,137.866
1094.084,138.169
1094.408,138.687
1094.732,139.422
1095.056,138.876
1095.38,138.864
1095.703,139.601
1096.027,140.021
1096.351,140.226
1096.675,141.088
1096.999,141.738
1097.323,142.06
1097.647,142.832
1097.971,142.595
1098.295,144.287
1098.619,143.247
1098.943,143.803
1099.267,145.877
1099.591,145.513
1099.915,145.734
1100.239,145.839
1100.563,144.66
1100.887,145.461
1101.211,147.826
1101.535,146.972
1101.859,147.921
1102.182,147.066
1102.506,148.624
1102.83,148.489
1103.154,148.842
1103.478,150.065
1103.802,150.301
1104.126,150.038
1104.45,151.789
1104.774,152.544
1105.098,152.659
1105.422,153.554
1105.746,153.932
1106.07,153.395
1106.394,154.961
1106.718,155.347
1107.042,155.333
1107.366,155.72
1107.69,155.975
1108.014,156.637
1108.338,157.032
1108.662,158.396
1108.985,158.52
1109.309,158.785
1109.633,158.77
1109.957,160.736
1110.281,160.15
1110.605,163.624
1110.929,163.164
1111.253,162.707
1111.577,163.429
1111.901,163.265
1112.225,164.292
1112.549,165.788
1112.873,166.539
1113.197,166.677
1113.521,167.592
1113.845,166.954
1114.169,167.716
1114.493,168.327
1114.817,169.739
1115.141,169.403
1115.464,171.159
1115.788,170.818
1116.112,172.273
1116.436,174.768
1116.76,172.57
1117.084,172.719
1117.408,173.536
1117.732,173.686
1118.056,174.343
1118.38,176.379
1118.704,178.819
1119.028,180.236
1119.352,180.945
1119.676,183.141
1120,183.309
1120.324,185.564
1120.648,187.876
1120.972,189.644
1121.296,191.038
1121.62,191.631
1121.944,195.58
1122.267,195.561
1122.591,196.829
1122.915,198.113
1123.239,196.359
1123.563,194.423
1123.887,196.751
1124.211,197.598
1124.535,198.015
1124.859,196.476
1125.183,201.086
1125.507,202.2
1125.831,202.18
1126.155,204.935
1126.479,204.915
1126.803,204.66
1127.127,204.406
1127.451,206.507
1127.775,206.964
1128.099,208.632
1128.423,208.854
1128.746,208.104
1129.07,208.083
1129.394,210.017
1129.718,210.49
1130.042,213.483
1130.366,213.462
1130.69,212.678
1131.014,214.958
1131.338,214.936
1131.662,215.953
1131.986,213.608
1132.31,218.017
1132.634,216.149
1132.958,219.581
1133.282,217.685
1133.606,217.928
1133.93,218.975
1134.254,220.576
1134.578,222.478
1134.902,223.011
1135.226,220.781
1135.549,220.485
1135.873,222.109
1136.197,220.44
1136.521,224.298
1136.845,222.873
1137.169,224.817
1137.493,224.511
1137.817,225.339
1138.141,226.749
1138.465,225.863
1138.789,225.554
1139.113,225.245
1139.437,226.079
1139.761,224.63
1140.085,226.319
1140.409,227.452
1140.733,226.848
1141.057,229.457
1141.381,230.026
1141.705,225.912
1142.028,230.275
1142.352,229.656
1142.676,230.824
1143,232.004
1143.324,233.197
1143.648,233.478
1143.972,231.326
1144.296,230.402
1144.62,234.637
1144.944,234.612
1145.268,237.727
1145.592,238.981
1145.916,237.676
1146.24,239.253
1146.564,239.55
1146.888,240.825
1147.212,240.147
1147.536,239.473
1147.86,241.403
1148.184,245.045
1148.507,244.344
1148.831,240.67
1149.155,244.629
1149.479,241.602
1149.803,244.239
1150.127,244.55
1150.451,246.909
1150.775,246.197
1151.099,248.24
1151.423,248.911
1151.747,251.002
1152.071,249.56
1152.395,250.593
1152.719,248.804
1153.043,250.894
1153.367,253.019
1153.691,252.992
1154.015,253.327
1154.339,252.937
1154.663,256.58
1154.987,253.973
1155.31,256.153
1155.634,261.43
1155.958,256.47
1156.282,257.188
1156.606,259.808
1156.93,259.399
1157.254,257.105
1157.578,262.037
1157.902,262.009
1158.226,263.152
1158.55,265.1
1158.874,261.148
1159.198,263.853
1159.522,262.646
1159.846,264.191
1160.17,270.236
1160.494,269.793
1160.818,267.715
1161.142,265.668
1161.466,268.064
1161.79,268.853
1162.113,272.147
1162.437,269.205
1162.761,270.001
1163.085,270.802
1163.409,272.028
1163.733,273.265
1164.057,276.238
1164.381,277.954
1164.705,275.314
1165.029,274.853
1165.353,272.692
1165.677,275.655
1166.001,277.364
1166.325,277.772
1166.649,281.299
1166.973,276.836
1167.297,277.681
1167.621,279.862
1167.945,280.726
1168.269,278.912
1168.592,284.301
1168.916,282.895
1169.24,278.819
1169.564,275.721
1169.888,279.646
1170.212,280.959
1170.536,283.654
1170.86,284.543
1171.184,284.512
1171.508,282.19
1171.832,285.375
1172.156,281.673
1172.48,287.183
1172.804,290.485
1173.128,286.18
1173.452,288.983
1173.776,293.308
1174.1,295.255
1174.424,298.242
1174.748,291.258
1175.072,294.164
1175.395,294.132
1175.719,296.594
1176.043,297.57
1176.367,0
1176.691,296.999
1177.015,298.998
1177.339,0
1177.663,0
1177.987,299.411
1178.311,298.355
1178.635,0
1178.959,0
1179.283,0
1179.607,0
1179.931,0
1180.255,0
1180.579,0
1180.903,0
1181.227,0
1181.551,0
1181.874,0
1182.198,0
1182.522,0
1182.846,0
1183.17,0
1183.494,0
1183.818,0
1184.142,0
1184.466,0
1184.79,0
1185.114,0
1185.438,0
1185.762,0
1186.086,0
1186.41,0
1186.734,0
1187.058,0
1187.382,0
1187.706,0
1188.03,0
1188.353,0
1188.677,0
1189.001,0
1189.325,0
1189.649,0
1189.973,0
1190.297,0
1190.621,0
1190.945,0
1191.269,0
1191.593,0
1191.917,0
1192.241,0
1192.565,0
1192.889,0
1193.213,0
1193.537,0
1193.861,0
1194.185,0
1194.509,0
1194.833,0
1195.156,0
1195.48,0
1195.804,0
1196.128,0
1196.452,0
1196.776,0
1197.1,0
1197.424,0
1197.748,0
1198.072,0
1198.396,0
1198.72,0
1199.044,0
1199.368,0
1199.692,0
1200.016,0
1200.34,0
1200.664,0
1200.988,0
1201.312,0
1201.635,0
1201.959,0
1202.283,0
1202.607,0
1202.931,0
1203.255,0
1203.579,0
1203.903,0
1204.227,0
1204.551,0
1204.875,0
1205.199,0
1205.523,0
1205.847,0
1206.171,0
1206.495,0
1206.819,0
1207.143,0
1207.467,0
1207.791,0
1208.115,0
1208.438,0
1208.762,0
1209.086,0
1209.41,0
1209.734,0
1210.058,0
1210.382,0
1210.706,0
1211.03,0
1211.354,0
1211.678,0
1212.002,0
1212.326,0
1212.65,0
1212.974,0
1213.298,0
1213.622,0
1213.946,0
1214.27,0
1214.594,0
1214.917,0
1215.241,0
1215.565,0
1215.889,0
1216.213,0
1216.537,0
1216.861,0
1217.185,0
1217.509,0
1217.833,0
1218.157,0
1218.481,0
1218.805,0
1219.129,0
1219.453,0
1219.777,0
1220.101,0
1220.425,0
1220.749,0
1221.073,0
1221.397,0
1221.72,0
1222.044,0
1222.368,0
1222.692,0
1223.016,0
1223.34,0
1223.664,0
1223.988,0
1224.312,0
1224.636,0
1224.96,0
1225.284,0
1225.608,0
1225.932,0
1226.256,0
1226.58,0
1226.904,0
1227.228,0
1227.552,0
1227.876,0
1228.199,0
1228.523,0
1228.847,0
1229.171,0
1229.495,0
1229.819,0
1230.143,0
1230.467,0
1230.791,0
1231.115,0
1231.439,0
1231.763,0
1232.087,0
